lastAccountName: AllanDev
timestamps:
  login: 1634141709798
  logout: 1634142337551
ipAddress: 37.120.215.76
lastlocation:
  world: buildbattle_world
  x: -229.0
  y: 26.0
  z: 295.0
  yaw: 0.0
  pitch: 0.0
logoutlocation:
  world: buildbattle_world
  x: -225.75238898438963
  y: 26.0
  z: 295.5500056126926
  yaw: -93.039505
  pitch: 12.306805
