lastAccountName: AllanStrat
timestamps:
  login: 1634143737117
  logout: 1634144614979
ipAddress: 181.115.6.72
lastlocation:
  world: buildbattle_world
  x: -229.0
  y: 26.0
  z: 295.0
  yaw: 0.0
  pitch: 0.0
afk: false
logoutlocation:
  world: buildbattle_world
  x: -234.77223600719017
  y: 26.0
  z: 294.39520011346735
  yaw: -93.49573
  pitch: 12.746822
