spawns: 
  default: 
    world: buildbattle_world
    x: -228.34712230063144
    y: 26.0
    z: 295.4873504697292
    yaw: -86.42502
    pitch: 0.74995565
